- OS: Windows-10-10.0.19045-SP0 10.0.19045
- Python: 3.14.2
- Stable-Baselines3: 2.9.0
- PyTorch: 2.12.1+cpu
- GPU Enabled: False
- Numpy: 2.5.0
- Cloudpickle: 3.1.2
- Gymnasium: 1.3.0
